[
[[329.41 , 408.0],[ 329.41 , 417.74]],
[[319.51 , 408.15],[ 319.51 , 417.59]],
[[309.32 , 408.15],[ 309.32 , 417.74]],
[[299.28 , 408.15],[ 299.28 , 417.59]],
[[288.94 , 408.15],[ 288.94 , 417.74]],
[[278.89 , 408.15],[ 278.89 , 417.59]],
[[268.7 , 408.0],[ 268.7 , 417.29]],
[[258.81 , 408.0],[ 258.81 , 417.44]],
[[248.61 , 408.15],[ 248.61 , 417.59]],
[[238.87 , 408.15],[ 238.87 , 417.59]],
[[228.98 , 408.15],[ 228.98 , 417.44]],
[[219.08 , 408.15],[ 219.08 , 417.59]],
[[209.34 , 408.15],[ 209.34 , 417.59]],
[[199.29 , 408.0],[ 199.29 , 417.44]],
[[189.7 , 408.0],[ 189.55 , 417.44]],
[[179.81 , 408.15],[ 179.81 , 417.44]]
]


##############################################
# guide for traj indexing robot.traj[blade_number][points][coordinates]
#|                 traj               |
# ------------------------------------
#|       blade       |................|
# -------------------  x 16
#|  start  |   end   |................|
#|  x , y  |  x , y  |................|
#
##############################################






[[[329.41 , 408.0],[ 329.41 , 417.74]],[[319.51 , 408.15],[ 319.51 , 417.59]],[[309.32 , 408.15],[ 309.32 , 417.74]],[[299.28 , 408.15],[ 299.28 , 417.59]],[[288.94 , 408.15],[ 288.94 , 417.74]],[[278.89 , 408.15],[ 278.89 , 417.59]],[[268.7 , 408.0],[ 268.7 , 417.29]],[[258.81 , 408.0],[ 258.81 , 417.44]],[[248.61 , 408.15],[ 248.61 , 417.59]],[[238.87 , 408.15],[ 238.87 , 417.59]],[[228.98 , 408.15],[ 228.98 , 417.44]],[[219.08 , 408.15],[ 219.08 , 417.59]],[[209.34 , 408.15],[ 209.34 , 417.59]],[[199.29 , 408.0],[ 199.29 , 417.44]],[[189.7 , 408.0],[ 189.55 , 417.44]],[[179.81 , 408.15],[ 179.81 , 417.44]]]


Message for dummy welder 


[
[329.41 , 408.0, 329.41 , 417.74],
[319.51 , 408.15, 319.51 , 417.59],
[309.32 , 408.15, 309.32 , 417.74],
[299.28 , 408.15, 299.28 , 417.59],
[288.94 , 408.15, 288.94 , 417.74],
[278.89 , 408.15, 278.89 , 417.59],
[268.7 , 408.0, 268.7 , 417.29],
[258.81 , 408.0, 258.81 , 417.44],
[248.61 , 408.15, 248.61 , 417.59],
[238.87 , 408.15, 238.87 , 417.59],
[228.98 , 408.15, 228.98 , 417.44],
[219.08 , 408.15, 219.08 , 417.59],
[209.34 , 408.15, 209.34 , 417.59],
[199.29 , 408.0, 199.29 , 417.44],
[189.7 , 408.0, 189.55 , 417.44],
[179.81 , 408.15, 179.81 , 417.44]
]



dummy blades = [[329.41 , 408.0, 329.41 , 417.74],[319.51 , 408.15, 319.51 , 417.59],[309.32 , 408.15, 309.32 , 417.74],[299.28 , 408.15, 299.28 , 417.59],[288.94 , 408.15, 288.94 , 417.74],[278.89 , 408.15, 278.89 , 417.59],[268.7 , 408.0, 268.7 , 417.29],[258.81 , 408.0, 258.81 , 417.44],[248.61 , 408.15, 248.61 , 417.59],[238.87 , 408.15, 238.87 , 417.59],[228.98 , 408.15, 228.98 , 417.44],[219.08 , 408.15, 219.08 , 417.59],[209.34 , 408.15, 209.34 , 417.59],[199.29 , 408.0, 199.29 , 417.44],[189.7 , 408.0, 189.55 , 417.44],[179.81 , 408.15, 179.81 , 417.44]]
